{
  "2024": {
    "counts": [
      [
        756,
        1152,
        1357,
        1201,
        991,
        1067,
        930,
        737,
        768,
        932,
        9,
        0
      ],
      [
        887,
        1266,
        1449,
        1328,
        1101,
        1231,
        1045,
        822,
        739,
        1018,
        12,
        0
      ],
      [
        916,
        1239,
        1477,
        1361,
        1174,
        1185,
        1075,
        867,
        818,
        1060,
        15,
        1
      ],
      [
        931,
        1293,
        1602,
        1402,
        1248,
        1284,
        1154,
        889,
        826,
        1113,
        15,
        0
      ],
      [
        950,
        1425,
        1643,
        1394,
        1241,
        1244,
        1128,
        889,
        806,
        1174,
        9,
        1
      ],
      [
        966,
        1270,
        1648,
        1441,
        1236,
        1311,
        1151,
        884,
        874,
        1121,
        20,
        0
      ],
      [
        923,
        1345,
        1527,
        1395,
        1266,
        1235,
        1148,
        887,
        815,
        1106,
        12,
        0
      ],
      [
        849,
        1208,
        1485,
        1435,
        1177,
        1170,
        1016,
        846,
        807,
        991,
        16,
        1
      ],
      [
        814,
        1083,
        1372,
        1238,
        1119,
        1147,
        922,
        778,
        723,
        1052,
        10,
        0
      ],
      [
        798,
        1024,
        1319,
        1147,
        1029,
        1047,
        889,
        731,
        701,
        885,
        17,
        0
      ],
      [
        659,
        988,
        1212,
        1068,
        917,
        910,
        772,
        682,
        562,
        848,
        12,
        0
      ],
      [
        598,
        864,
        1045,
        907,
        785,
        815,
        699,
        557,
        520,
        718,
        8,
        0
      ],
      [
        481,
        717,
        848,
        788,
        696,
        678,
        618,
        499,
        460,
        588,
        8,
        0
      ],
      [
        415,
        579,
        687,
        674,
        576,
        573,
        536,
        380,
        345,
        490,
        6,
        0
      ],
      [
        363,
        491,
        605,
        588,
        458,
        523,
        423,
        330,
        318,
        420,
        3,
        0
      ],
      [
        271,
        413,
        460,
        436,
        386,
        367,
        302,
        275,
        268,
        381,
        3,
        0
      ]
    ],
    "percentages": [
      [
        7.64,
        11.64,
        13.71,
        12.13,
        10.01,
        10.78,
        9.39,
        7.44,
        7.76,
        9.41,
        0.09,
        0.0
      ],
      [
        8.14,
        11.62,
        13.3,
        12.19,
        10.1,
        11.3,
        9.59,
        7.54,
        6.78,
        9.34,
        0.11,
        0.0
      ],
      [
        8.19,
        11.07,
        13.2,
        12.16,
        10.49,
        10.59,
        9.61,
        7.75,
        7.31,
        9.47,
        0.13,
        0.01
      ],
      [
        7.92,
        11.0,
        13.63,
        11.92,
        10.61,
        10.92,
        9.82,
        7.56,
        7.03,
        9.47,
        0.13,
        0.0
      ],
      [
        7.98,
        11.97,
        13.8,
        11.71,
        10.43,
        10.45,
        9.48,
        7.47,
        6.77,
        9.86,
        0.08,
        0.01
      ],
      [
        8.1,
        10.65,
        13.82,
        12.09,
        10.37,
        11.0,
        9.65,
        7.41,
        7.33,
        9.4,
        0.17,
        0.0
      ],
      [
        7.92,
        11.54,
        13.1,
        11.97,
        10.86,
        10.59,
        9.85,
        7.61,
        6.99,
        9.49,
        0.1,
        0.0
      ],
      [
        7.72,
        10.98,
        13.5,
        13.04,
        10.7,
        10.64,
        9.24,
        7.69,
        7.34,
        9.01,
        0.15,
        0.01
      ],
      [
        7.94,
        10.56,
        13.37,
        12.07,
        10.91,
        11.18,
        8.99,
        7.58,
        7.05,
        10.26,
        0.1,
        0.0
      ],
      [
        8.32,
        10.68,
        13.76,
        11.96,
        10.73,
        10.92,
        9.27,
        7.62,
        7.31,
        9.23,
        0.18,
        0.0
      ],
      [
        7.64,
        11.45,
        14.04,
        12.38,
        10.63,
        10.54,
        8.95,
        7.9,
        6.51,
        9.83,
        0.14,
        0.0
      ],
      [
        7.96,
        11.5,
        13.9,
        12.07,
        10.44,
        10.84,
        9.3,
        7.41,
        6.92,
        9.55,
        0.11,
        0.0
      ],
      [
        7.54,
        11.24,
        13.29,
        12.35,
        10.91,
        10.63,
        9.69,
        7.82,
        7.21,
        9.21,
        0.13,
        0.0
      ],
      [
        7.89,
        11.01,
        13.06,
        12.81,
        10.95,
        10.89,
        10.19,
        7.22,
        6.56,
        9.31,
        0.11,
        0.0
      ],
      [
        8.03,
        10.86,
        13.38,
        13.0,
        10.13,
        11.57,
        9.35,
        7.3,
        7.03,
        9.29,
        0.07,
        0.0
      ],
      [
        7.61,
        11.59,
        12.91,
        12.24,
        10.84,
        10.3,
        8.48,
        7.72,
        7.52,
        10.7,
        0.08,
        0.0
      ]
    ]
  },
  "2025": {
    "counts": [
      [
        511,
        1213,
        1352,
        1240,
        906,
        1037,
        844,
        650,
        736,
        768,
        975,
        1513
      ],
      [
        507,
        1261,
        1446,
        1317,
        1015,
        1157,
        941,
        739,
        814,
        829,
        1029,
        1532
      ],
      [
        537,
        1373,
        1611,
        1353,
        1040,
        1179,
        999,
        836,
        830,
        903,
        1067,
        1638
      ],
      [
        571,
        1387,
        1673,
        1432,
        1053,
        1233,
        1013,
        830,
        847,
        919,
        1174,
        1705
      ],
      [
        516,
        1397,
        1651,
        1459,
        1109,
        1170,
        1052,
        853,
        925,
        907,
        1214,
        1716
      ],
      [
        560,
        1384,
        1665,
        1444,
        1068,
        1182,
        1086,
        877,
        916,
        918,
        1251,
        1677
      ],
      [
        567,
        1335,
        1605,
        1357,
        1082,
        1186,
        1036,
        800,
        855,
        878,
        1174,
        1723
      ],
      [
        516,
        1276,
        1523,
        1381,
        962,
        1100,
        977,
        818,
        823,
        913,
        1132,
        1584
      ],
      [
        472,
        1265,
        1432,
        1213,
        946,
        1011,
        919,
        773,
        802,
        815,
        1028,
        1506
      ],
      [
        418,
        1155,
        1390,
        1160,
        943,
        970,
        822,
        673,
        695,
        771,
        929,
        1380
      ],
      [
        409,
        1034,
        1141,
        1022,
        822,
        868,
        729,
        605,
        648,
        674,
        857,
        1258
      ],
      [
        331,
        940,
        1042,
        945,
        660,
        816,
        672,
        521,
        600,
        593,
        731,
        1079
      ],
      [
        298,
        733,
        890,
        786,
        610,
        619,
        613,
        438,
        454,
        472,
        671,
        946
      ],
      [
        240,
        619,
        784,
        626,
        541,
        594,
        432,
        371,
        400,
        428,
        553,
        837
      ],
      [
        182,
        528,
        593,
        524,
        399,
        434,
        355,
        325,
        324,
        358,
        442,
        628
      ],
      [
        164,
        447,
        497,
        412,
        320,
        344,
        330,
        253,
        236,
        257,
        349,
        483
      ]
    ],
    "percentages": [
      [
        4.35,
        10.33,
        11.51,
        10.56,
        7.71,
        8.83,
        7.19,
        5.53,
        6.27,
        6.54,
        8.3,
        12.88
      ],
      [
        4.03,
        10.02,
        11.49,
        10.46,
        8.06,
        9.19,
        7.48,
        5.87,
        6.47,
        6.59,
        8.18,
        12.17
      ],
      [
        4.02,
        10.27,
        12.05,
        10.12,
        7.78,
        8.82,
        7.47,
        6.25,
        6.21,
        6.76,
        7.98,
        12.25
      ],
      [
        4.13,
        10.02,
        12.09,
        10.35,
        7.61,
        8.91,
        7.32,
        6.0,
        6.12,
        6.64,
        8.48,
        12.32
      ],
      [
        3.69,
        10.0,
        11.82,
        10.44,
        7.94,
        8.38,
        7.53,
        6.11,
        6.62,
        6.49,
        8.69,
        12.28
      ],
      [
        3.99,
        9.87,
        11.87,
        10.29,
        7.61,
        8.43,
        7.74,
        6.25,
        6.53,
        6.54,
        8.92,
        11.95
      ],
      [
        4.17,
        9.82,
        11.8,
        9.98,
        7.96,
        8.72,
        7.62,
        5.88,
        6.29,
        6.46,
        8.63,
        12.67
      ],
      [
        3.97,
        9.81,
        11.71,
        10.62,
        7.4,
        8.46,
        7.51,
        6.29,
        6.33,
        7.02,
        8.7,
        12.18
      ],
      [
        3.87,
        10.38,
        11.76,
        9.96,
        7.77,
        8.3,
        7.54,
        6.35,
        6.58,
        6.69,
        8.44,
        12.36
      ],
      [
        3.7,
        10.22,
        12.29,
        10.26,
        8.34,
        8.58,
        7.27,
        5.95,
        6.15,
        6.82,
        8.22,
        12.21
      ],
      [
        4.06,
        10.27,
        11.33,
        10.15,
        8.17,
        8.62,
        7.24,
        6.01,
        6.44,
        6.7,
        8.51,
        12.5
      ],
      [
        3.71,
        10.53,
        11.67,
        10.58,
        7.39,
        9.14,
        7.53,
        5.83,
        6.72,
        6.64,
        8.19,
        12.08
      ],
      [
        3.96,
        9.73,
        11.82,
        10.44,
        8.1,
        8.22,
        8.14,
        5.82,
        6.03,
        6.27,
        8.91,
        12.56
      ],
      [
        3.74,
        9.63,
        12.2,
        9.74,
        8.42,
        9.25,
        6.72,
        5.77,
        6.23,
        6.66,
        8.61,
        13.03
      ],
      [
        3.57,
        10.37,
        11.65,
        10.29,
        7.84,
        8.52,
        6.97,
        6.38,
        6.36,
        7.03,
        8.68,
        12.33
      ],
      [
        4.01,
        10.92,
        12.15,
        10.07,
        7.82,
        8.41,
        8.06,
        6.18,
        5.77,
        6.28,
        8.53,
        11.8
      ]
    ]
  },
  "2026": {
    "counts": [
      [
        660,
        1008,
        1348,
        98,
        0,
        0,
        0,
        0,
        0,
        0,
        0,
        0
      ],
      [
        758,
        1081,
        1470,
        109,
        0,
        0,
        0,
        0,
        0,
        0,
        0,
        0
      ],
      [
        767,
        1065,
        1446,
        111,
        0,
        0,
        0,
        0,
        0,
        0,
        0,
        0
      ],
      [
        797,
        1159,
        1632,
        121,
        0,
        0,
        0,
        0,
        0,
        0,
        0,
        0
      ],
      [
        773,
        1184,
        1596,
        99,
        0,
        0,
        0,
        0,
        0,
        0,
        0,
        0
      ],
      [
        801,
        1108,
        1607,
        108,
        0,
        0,
        0,
        0,
        0,
        0,
        0,
        0
      ],
      [
        767,
        1132,
        1482,
        98,
        0,
        0,
        0,
        0,
        0,
        0,
        0,
        0
      ],
      [
        742,
        1047,
        1491,
        122,
        0,
        0,
        0,
        0,
        0,
        0,
        0,
        0
      ],
      [
        712,
        1015,
        1425,
        81,
        0,
        0,
        0,
        0,
        0,
        0,
        0,
        0
      ],
      [
        664,
        958,
        1228,
        96,
        0,
        0,
        0,
        0,
        0,
        0,
        0,
        0
      ],
      [
        587,
        837,
        1169,
        74,
        0,
        0,
        0,
        0,
        0,
        0,
        0,
        0
      ],
      [
        491,
        715,
        1056,
        82,
        0,
        0,
        0,
        0,
        0,
        0,
        0,
        0
      ],
      [
        443,
        604,
        814,
        89,
        0,
        0,
        0,
        0,
        0,
        0,
        0,
        0
      ],
      [
        399,
        505,
        717,
        59,
        0,
        0,
        0,
        0,
        0,
        0,
        0,
        0
      ],
      [
        305,
        430,
        604,
        42,
        0,
        0,
        0,
        0,
        0,
        0,
        0,
        0
      ],
      [
        218,
        331,
        484,
        37,
        0,
        0,
        0,
        0,
        0,
        0,
        0,
        0
      ]
    ],
    "percentages": [
      [
        21.19,
        32.37,
        43.29,
        3.15,
        0.0,
        0.0,
        0.0,
        0.0,
        0.0,
        0.0,
        0.0,
        0.0
      ],
      [
        22.18,
        31.63,
        43.01,
        3.19,
        0.0,
        0.0,
        0.0,
        0.0,
        0.0,
        0.0,
        0.0,
        0.0
      ],
      [
        22.63,
        31.43,
        42.67,
        3.28,
        0.0,
        0.0,
        0.0,
        0.0,
        0.0,
        0.0,
        0.0,
        0.0
      ],
      [
        21.49,
        31.25,
        44.0,
        3.26,
        0.0,
        0.0,
        0.0,
        0.0,
        0.0,
        0.0,
        0.0,
        0.0
      ],
      [
        21.17,
        32.42,
        43.7,
        2.71,
        0.0,
        0.0,
        0.0,
        0.0,
        0.0,
        0.0,
        0.0,
        0.0
      ],
      [
        22.1,
        30.57,
        44.34,
        2.98,
        0.0,
        0.0,
        0.0,
        0.0,
        0.0,
        0.0,
        0.0,
        0.0
      ],
      [
        22.05,
        32.54,
        42.6,
        2.82,
        0.0,
        0.0,
        0.0,
        0.0,
        0.0,
        0.0,
        0.0,
        0.0
      ],
      [
        21.81,
        30.78,
        43.83,
        3.59,
        0.0,
        0.0,
        0.0,
        0.0,
        0.0,
        0.0,
        0.0,
        0.0
      ],
      [
        22.02,
        31.39,
        44.08,
        2.51,
        0.0,
        0.0,
        0.0,
        0.0,
        0.0,
        0.0,
        0.0,
        0.0
      ],
      [
        22.54,
        32.52,
        41.68,
        3.26,
        0.0,
        0.0,
        0.0,
        0.0,
        0.0,
        0.0,
        0.0,
        0.0
      ],
      [
        22.01,
        31.38,
        43.83,
        2.77,
        0.0,
        0.0,
        0.0,
        0.0,
        0.0,
        0.0,
        0.0,
        0.0
      ],
      [
        20.95,
        30.5,
        45.05,
        3.5,
        0.0,
        0.0,
        0.0,
        0.0,
        0.0,
        0.0,
        0.0,
        0.0
      ],
      [
        22.72,
        30.97,
        41.74,
        4.56,
        0.0,
        0.0,
        0.0,
        0.0,
        0.0,
        0.0,
        0.0,
        0.0
      ],
      [
        23.75,
        30.06,
        42.68,
        3.51,
        0.0,
        0.0,
        0.0,
        0.0,
        0.0,
        0.0,
        0.0,
        0.0
      ],
      [
        22.09,
        31.14,
        43.74,
        3.04,
        0.0,
        0.0,
        0.0,
        0.0,
        0.0,
        0.0,
        0.0,
        0.0
      ],
      [
        20.37,
        30.93,
        45.23,
        3.46,
        0.0,
        0.0,
        0.0,
        0.0,
        0.0,
        0.0,
        0.0,
        0.0
      ]
    ]
  }
}