{
  "2023": {
    "counts": [
      [
        686,
        1208,
        1486,
        1246,
        1117,
        1312,
        1058,
        830,
        796,
        930,
        1164,
        1488
      ],
      [
        719,
        1322,
        1730,
        1172,
        1378,
        1396,
        1167,
        846,
        883,
        965,
        1318,
        1652
      ],
      [
        818,
        1383,
        1714,
        1268,
        1338,
        1440,
        1183,
        988,
        915,
        1070,
        1347,
        1684
      ],
      [
        835,
        1378,
        1832,
        1361,
        1348,
        1595,
        1239,
        1059,
        968,
        1091,
        1415,
        1723
      ],
      [
        784,
        1357,
        1852,
        1410,
        1433,
        1582,
        1258,
        1091,
        994,
        1109,
        1493,
        1750
      ],
      [
        799,
        1441,
        1843,
        1375,
        1384,
        1547,
        1236,
        1063,
        936,
        1112,
        1391,
        1759
      ],
      [
        830,
        1377,
        1755,
        1357,
        1322,
        1472,
        1200,
        1053,
        970,
        1121,
        1465,
        1663
      ],
      [
        772,
        1287,
        1681,
        1307,
        1231,
        1443,
        1194,
        1011,
        937,
        1026,
        1401,
        1588
      ],
      [
        664,
        1245,
        1652,
        1233,
        1141,
        1325,
        1071,
        913,
        896,
        1027,
        1310,
        1543
      ],
      [
        692,
        1151,
        1447,
        1146,
        1198,
        1305,
        1004,
        831,
        825,
        921,
        1174,
        1387
      ],
      [
        606,
        986,
        1341,
        1035,
        1011,
        1083,
        868,
        782,
        740,
        770,
        1104,
        1225
      ],
      [
        522,
        965,
        1145,
        912,
        882,
        1001,
        770,
        667,
        640,
        742,
        925,
        1062
      ],
      [
        459,
        773,
        952,
        815,
        755,
        830,
        669,
        550,
        536,
        615,
        822,
        934
      ],
      [
        396,
        663,
        812,
        666,
        652,
        712,
        584,
        474,
        426,
        535,
        660,
        824
      ],
      [
        323,
        531,
        724,
        563,
        534,
        536,
        442,
        397,
        411,
        420,
        548,
        655
      ],
      [
        246,
        428,
        543,
        452,
        412,
        467,
        364,
        321,
        328,
        301,
        451,
        598
      ]
    ],
    "percentages": [
      [
        5.15,
        9.07,
        11.16,
        9.35,
        8.39,
        9.85,
        7.94,
        6.23,
        5.98,
        6.98,
        8.74,
        11.17
      ],
      [
        4.94,
        9.09,
        11.89,
        8.06,
        9.47,
        9.6,
        8.02,
        5.82,
        6.07,
        6.63,
        9.06,
        11.36
      ],
      [
        5.4,
        9.13,
        11.32,
        8.37,
        8.83,
        9.51,
        7.81,
        6.52,
        6.04,
        7.06,
        8.89,
        11.12
      ],
      [
        5.27,
        8.7,
        11.56,
        8.59,
        8.51,
        10.07,
        7.82,
        6.68,
        6.11,
        6.89,
        8.93,
        10.87
      ],
      [
        4.87,
        8.42,
        11.49,
        8.75,
        8.89,
        9.82,
        7.81,
        6.77,
        6.17,
        6.88,
        9.27,
        10.86
      ],
      [
        5.03,
        9.07,
        11.6,
        8.66,
        8.71,
        9.74,
        7.78,
        6.69,
        5.89,
        7.0,
        8.76,
        11.07
      ],
      [
        5.33,
        8.84,
        11.26,
        8.71,
        8.48,
        9.44,
        7.7,
        6.76,
        6.22,
        7.19,
        9.4,
        10.67
      ],
      [
        5.19,
        8.65,
        11.3,
        8.78,
        8.27,
        9.7,
        8.03,
        6.8,
        6.3,
        6.9,
        9.42,
        10.67
      ],
      [
        4.74,
        8.88,
        11.78,
        8.79,
        8.14,
        9.45,
        7.64,
        6.51,
        6.39,
        7.33,
        9.34,
        11.01
      ],
      [
        5.29,
        8.8,
        11.06,
        8.76,
        9.16,
        9.98,
        7.68,
        6.35,
        6.31,
        7.04,
        8.97,
        10.6
      ],
      [
        5.25,
        8.54,
        11.61,
        8.96,
        8.75,
        9.38,
        7.51,
        6.77,
        6.41,
        6.67,
        9.56,
        10.61
      ],
      [
        5.1,
        9.43,
        11.19,
        8.91,
        8.62,
        9.78,
        7.52,
        6.52,
        6.25,
        7.25,
        9.04,
        10.38
      ],
      [
        5.27,
        8.87,
        10.93,
        9.36,
        8.67,
        9.53,
        7.68,
        6.31,
        6.15,
        7.06,
        9.44,
        10.72
      ],
      [
        5.35,
        8.95,
        10.97,
        9.0,
        8.81,
        9.62,
        7.89,
        6.4,
        5.75,
        7.23,
        8.91,
        11.13
      ],
      [
        5.31,
        8.73,
        11.9,
        9.25,
        8.78,
        8.81,
        7.26,
        6.53,
        6.76,
        6.9,
        9.01,
        10.77
      ],
      [
        5.01,
        8.72,
        11.06,
        9.2,
        8.39,
        9.51,
        7.41,
        6.54,
        6.68,
        6.13,
        9.18,
        12.18
      ]
    ]
  },
  "2024": {
    "counts": [
      [
        760,
        1152,
        1357,
        1201,
        991,
        1067,
        930,
        737,
        768,
        932,
        1006,
        1402
      ],
      [
        896,
        1266,
        1449,
        1328,
        1101,
        1231,
        1045,
        822,
        739,
        1018,
        1147,
        1559
      ],
      [
        928,
        1240,
        1477,
        1361,
        1174,
        1185,
        1075,
        867,
        818,
        1060,
        1207,
        1609
      ],
      [
        951,
        1293,
        1602,
        1402,
        1248,
        1284,
        1154,
        889,
        826,
        1113,
        1220,
        1660
      ],
      [
        964,
        1426,
        1643,
        1394,
        1241,
        1244,
        1128,
        889,
        806,
        1174,
        1259,
        1661
      ],
      [
        975,
        1270,
        1648,
        1441,
        1236,
        1311,
        1152,
        884,
        874,
        1121,
        1334,
        1668
      ],
      [
        932,
        1345,
        1527,
        1395,
        1266,
        1235,
        1148,
        887,
        815,
        1106,
        1203,
        1626
      ],
      [
        856,
        1208,
        1485,
        1435,
        1177,
        1170,
        1016,
        846,
        807,
        991,
        1203,
        1565
      ],
      [
        824,
        1083,
        1372,
        1238,
        1119,
        1147,
        922,
        778,
        723,
        1052,
        1152,
        1421
      ],
      [
        805,
        1024,
        1319,
        1147,
        1029,
        1047,
        889,
        731,
        701,
        885,
        1003,
        1337
      ],
      [
        666,
        991,
        1212,
        1068,
        917,
        910,
        772,
        682,
        562,
        848,
        913,
        1233
      ],
      [
        604,
        864,
        1046,
        907,
        785,
        815,
        699,
        557,
        520,
        718,
        804,
        1051
      ],
      [
        485,
        719,
        848,
        788,
        696,
        678,
        618,
        499,
        460,
        588,
        719,
        940
      ],
      [
        422,
        580,
        687,
        674,
        576,
        573,
        536,
        380,
        345,
        490,
        594,
        750
      ],
      [
        368,
        491,
        605,
        588,
        458,
        523,
        423,
        330,
        318,
        420,
        438,
        626
      ],
      [
        277,
        413,
        460,
        436,
        386,
        367,
        302,
        275,
        268,
        381,
        392,
        542
      ]
    ],
    "percentages": [
      [
        6.18,
        9.36,
        11.03,
        9.76,
        8.05,
        8.67,
        7.56,
        5.99,
        6.24,
        7.58,
        8.18,
        11.4
      ],
      [
        6.59,
        9.31,
        10.65,
        9.76,
        8.09,
        9.05,
        7.68,
        6.04,
        5.43,
        7.48,
        8.43,
        11.46
      ],
      [
        6.63,
        8.86,
        10.55,
        9.72,
        8.39,
        8.46,
        7.68,
        6.19,
        5.84,
        7.57,
        8.62,
        11.49
      ],
      [
        6.5,
        8.83,
        10.94,
        9.58,
        8.52,
        8.77,
        7.88,
        6.07,
        5.64,
        7.6,
        8.33,
        11.34
      ],
      [
        6.5,
        9.62,
        11.08,
        9.4,
        8.37,
        8.39,
        7.61,
        6.0,
        5.44,
        7.92,
        8.49,
        11.2
      ],
      [
        6.54,
        8.52,
        11.05,
        9.66,
        8.29,
        8.79,
        7.72,
        5.93,
        5.86,
        7.52,
        8.94,
        11.18
      ],
      [
        6.43,
        9.29,
        10.54,
        9.63,
        8.74,
        8.53,
        7.93,
        6.12,
        5.63,
        7.64,
        8.31,
        11.23
      ],
      [
        6.22,
        8.78,
        10.79,
        10.43,
        8.55,
        8.5,
        7.38,
        6.15,
        5.87,
        7.2,
        8.74,
        11.37
      ],
      [
        6.42,
        8.44,
        10.69,
        9.65,
        8.72,
        8.94,
        7.19,
        6.06,
        5.63,
        8.2,
        8.98,
        11.07
      ],
      [
        6.76,
        8.59,
        11.07,
        9.62,
        8.63,
        8.79,
        7.46,
        6.13,
        5.88,
        7.43,
        8.42,
        11.22
      ],
      [
        6.18,
        9.2,
        11.25,
        9.91,
        8.51,
        8.45,
        7.17,
        6.33,
        5.22,
        7.87,
        8.47,
        11.44
      ],
      [
        6.45,
        9.22,
        11.16,
        9.68,
        8.38,
        8.7,
        7.46,
        5.94,
        5.55,
        7.66,
        8.58,
        11.22
      ],
      [
        6.03,
        8.95,
        10.55,
        9.8,
        8.66,
        8.43,
        7.69,
        6.21,
        5.72,
        7.32,
        8.95,
        11.69
      ],
      [
        6.39,
        8.78,
        10.4,
        10.2,
        8.72,
        8.67,
        8.11,
        5.75,
        5.22,
        7.42,
        8.99,
        11.35
      ],
      [
        6.59,
        8.79,
        10.83,
        10.52,
        8.2,
        9.36,
        7.57,
        5.91,
        5.69,
        7.52,
        7.84,
        11.2
      ],
      [
        6.16,
        9.18,
        10.22,
        9.69,
        8.58,
        8.16,
        6.71,
        6.11,
        5.96,
        8.47,
        8.71,
        12.05
      ]
    ]
  },
  "2025": {
    "counts": [
      [
        511,
        1213,
        1352,
        1240,
        906,
        1037,
        844,
        650,
        736,
        768,
        975,
        1513
      ],
      [
        507,
        1261,
        1446,
        1317,
        1015,
        1157,
        941,
        739,
        814,
        829,
        1029,
        1532
      ],
      [
        537,
        1373,
        1611,
        1353,
        1040,
        1179,
        999,
        836,
        830,
        903,
        1067,
        1638
      ],
      [
        571,
        1387,
        1673,
        1432,
        1053,
        1233,
        1013,
        830,
        847,
        919,
        1174,
        1705
      ],
      [
        516,
        1397,
        1651,
        1459,
        1109,
        1170,
        1052,
        853,
        925,
        907,
        1214,
        1716
      ],
      [
        560,
        1384,
        1665,
        1444,
        1068,
        1182,
        1086,
        877,
        916,
        918,
        1251,
        1677
      ],
      [
        567,
        1335,
        1605,
        1357,
        1082,
        1186,
        1036,
        800,
        855,
        878,
        1174,
        1723
      ],
      [
        516,
        1276,
        1523,
        1381,
        962,
        1100,
        977,
        818,
        823,
        913,
        1132,
        1584
      ],
      [
        472,
        1265,
        1432,
        1213,
        946,
        1011,
        919,
        773,
        802,
        815,
        1028,
        1506
      ],
      [
        418,
        1155,
        1390,
        1160,
        943,
        970,
        822,
        673,
        695,
        771,
        929,
        1380
      ],
      [
        409,
        1034,
        1141,
        1022,
        822,
        868,
        729,
        605,
        648,
        674,
        857,
        1258
      ],
      [
        331,
        940,
        1042,
        945,
        660,
        816,
        672,
        521,
        600,
        593,
        731,
        1079
      ],
      [
        298,
        733,
        890,
        786,
        610,
        619,
        613,
        438,
        454,
        472,
        671,
        946
      ],
      [
        240,
        619,
        784,
        626,
        541,
        594,
        432,
        371,
        400,
        428,
        553,
        837
      ],
      [
        182,
        528,
        593,
        524,
        399,
        434,
        355,
        325,
        324,
        358,
        442,
        628
      ],
      [
        164,
        447,
        497,
        412,
        320,
        344,
        330,
        253,
        236,
        257,
        349,
        483
      ]
    ],
    "percentages": [
      [
        4.35,
        10.33,
        11.51,
        10.56,
        7.71,
        8.83,
        7.19,
        5.53,
        6.27,
        6.54,
        8.3,
        12.88
      ],
      [
        4.03,
        10.02,
        11.49,
        10.46,
        8.06,
        9.19,
        7.48,
        5.87,
        6.47,
        6.59,
        8.18,
        12.17
      ],
      [
        4.02,
        10.27,
        12.05,
        10.12,
        7.78,
        8.82,
        7.47,
        6.25,
        6.21,
        6.76,
        7.98,
        12.25
      ],
      [
        4.13,
        10.02,
        12.09,
        10.35,
        7.61,
        8.91,
        7.32,
        6.0,
        6.12,
        6.64,
        8.48,
        12.32
      ],
      [
        3.69,
        10.0,
        11.82,
        10.44,
        7.94,
        8.38,
        7.53,
        6.11,
        6.62,
        6.49,
        8.69,
        12.28
      ],
      [
        3.99,
        9.87,
        11.87,
        10.29,
        7.61,
        8.43,
        7.74,
        6.25,
        6.53,
        6.54,
        8.92,
        11.95
      ],
      [
        4.17,
        9.82,
        11.8,
        9.98,
        7.96,
        8.72,
        7.62,
        5.88,
        6.29,
        6.46,
        8.63,
        12.67
      ],
      [
        3.97,
        9.81,
        11.71,
        10.62,
        7.4,
        8.46,
        7.51,
        6.29,
        6.33,
        7.02,
        8.7,
        12.18
      ],
      [
        3.87,
        10.38,
        11.76,
        9.96,
        7.77,
        8.3,
        7.54,
        6.35,
        6.58,
        6.69,
        8.44,
        12.36
      ],
      [
        3.7,
        10.22,
        12.29,
        10.26,
        8.34,
        8.58,
        7.27,
        5.95,
        6.15,
        6.82,
        8.22,
        12.21
      ],
      [
        4.06,
        10.27,
        11.33,
        10.15,
        8.17,
        8.62,
        7.24,
        6.01,
        6.44,
        6.7,
        8.51,
        12.5
      ],
      [
        3.71,
        10.53,
        11.67,
        10.58,
        7.39,
        9.14,
        7.53,
        5.83,
        6.72,
        6.64,
        8.19,
        12.08
      ],
      [
        3.96,
        9.73,
        11.82,
        10.44,
        8.1,
        8.22,
        8.14,
        5.82,
        6.03,
        6.27,
        8.91,
        12.56
      ],
      [
        3.74,
        9.63,
        12.2,
        9.74,
        8.42,
        9.25,
        6.72,
        5.77,
        6.23,
        6.66,
        8.61,
        13.03
      ],
      [
        3.57,
        10.37,
        11.65,
        10.29,
        7.84,
        8.52,
        6.97,
        6.38,
        6.36,
        7.03,
        8.68,
        12.33
      ],
      [
        4.01,
        10.92,
        12.15,
        10.07,
        7.82,
        8.41,
        8.06,
        6.18,
        5.77,
        6.28,
        8.53,
        11.8
      ]
    ]
  },
  "2026": {
    "counts": [
      [
        660,
        1008,
        1348,
        439,
        0,
        0,
        0,
        0,
        0,
        0,
        0,
        0
      ],
      [
        758,
        1081,
        1470,
        419,
        0,
        0,
        0,
        0,
        0,
        0,
        0,
        0
      ],
      [
        767,
        1065,
        1446,
        497,
        0,
        0,
        0,
        0,
        0,
        0,
        0,
        0
      ],
      [
        797,
        1159,
        1632,
        530,
        0,
        0,
        0,
        0,
        0,
        0,
        0,
        0
      ],
      [
        773,
        1184,
        1596,
        457,
        0,
        0,
        0,
        0,
        0,
        0,
        0,
        0
      ],
      [
        801,
        1108,
        1607,
        476,
        0,
        0,
        0,
        0,
        0,
        0,
        0,
        0
      ],
      [
        767,
        1132,
        1482,
        443,
        0,
        0,
        0,
        0,
        0,
        0,
        0,
        0
      ],
      [
        742,
        1047,
        1491,
        472,
        0,
        0,
        0,
        0,
        0,
        0,
        0,
        0
      ],
      [
        712,
        1015,
        1425,
        415,
        0,
        0,
        0,
        0,
        0,
        0,
        0,
        0
      ],
      [
        664,
        958,
        1228,
        385,
        0,
        0,
        0,
        0,
        0,
        0,
        0,
        0
      ],
      [
        587,
        837,
        1169,
        344,
        0,
        0,
        0,
        0,
        0,
        0,
        0,
        0
      ],
      [
        491,
        715,
        1056,
        340,
        0,
        0,
        0,
        0,
        0,
        0,
        0,
        0
      ],
      [
        443,
        604,
        814,
        323,
        0,
        0,
        0,
        0,
        0,
        0,
        0,
        0
      ],
      [
        399,
        505,
        717,
        251,
        0,
        0,
        0,
        0,
        0,
        0,
        0,
        0
      ],
      [
        305,
        430,
        604,
        175,
        0,
        0,
        0,
        0,
        0,
        0,
        0,
        0
      ],
      [
        218,
        331,
        484,
        162,
        0,
        0,
        0,
        0,
        0,
        0,
        0,
        0
      ]
    ],
    "percentages": [
      [
        19.1,
        29.18,
        39.02,
        12.71,
        0.0,
        0.0,
        0.0,
        0.0,
        0.0,
        0.0,
        0.0,
        0.0
      ],
      [
        20.33,
        29.0,
        39.43,
        11.24,
        0.0,
        0.0,
        0.0,
        0.0,
        0.0,
        0.0,
        0.0,
        0.0
      ],
      [
        20.32,
        28.21,
        38.3,
        13.17,
        0.0,
        0.0,
        0.0,
        0.0,
        0.0,
        0.0,
        0.0,
        0.0
      ],
      [
        19.35,
        28.14,
        39.63,
        12.87,
        0.0,
        0.0,
        0.0,
        0.0,
        0.0,
        0.0,
        0.0,
        0.0
      ],
      [
        19.28,
        29.53,
        39.8,
        11.4,
        0.0,
        0.0,
        0.0,
        0.0,
        0.0,
        0.0,
        0.0,
        0.0
      ],
      [
        20.07,
        27.76,
        40.26,
        11.92,
        0.0,
        0.0,
        0.0,
        0.0,
        0.0,
        0.0,
        0.0,
        0.0
      ],
      [
        20.06,
        29.6,
        38.76,
        11.58,
        0.0,
        0.0,
        0.0,
        0.0,
        0.0,
        0.0,
        0.0,
        0.0
      ],
      [
        19.78,
        27.91,
        39.74,
        12.58,
        0.0,
        0.0,
        0.0,
        0.0,
        0.0,
        0.0,
        0.0,
        0.0
      ],
      [
        19.96,
        28.46,
        39.95,
        11.63,
        0.0,
        0.0,
        0.0,
        0.0,
        0.0,
        0.0,
        0.0,
        0.0
      ],
      [
        20.53,
        29.61,
        37.96,
        11.9,
        0.0,
        0.0,
        0.0,
        0.0,
        0.0,
        0.0,
        0.0,
        0.0
      ],
      [
        19.99,
        28.5,
        39.8,
        11.71,
        0.0,
        0.0,
        0.0,
        0.0,
        0.0,
        0.0,
        0.0,
        0.0
      ],
      [
        18.87,
        27.48,
        40.58,
        13.07,
        0.0,
        0.0,
        0.0,
        0.0,
        0.0,
        0.0,
        0.0,
        0.0
      ],
      [
        20.28,
        27.66,
        37.27,
        14.79,
        0.0,
        0.0,
        0.0,
        0.0,
        0.0,
        0.0,
        0.0,
        0.0
      ],
      [
        21.31,
        26.98,
        38.3,
        13.41,
        0.0,
        0.0,
        0.0,
        0.0,
        0.0,
        0.0,
        0.0,
        0.0
      ],
      [
        20.15,
        28.4,
        39.89,
        11.56,
        0.0,
        0.0,
        0.0,
        0.0,
        0.0,
        0.0,
        0.0,
        0.0
      ],
      [
        18.24,
        27.7,
        40.5,
        13.56,
        0.0,
        0.0,
        0.0,
        0.0,
        0.0,
        0.0,
        0.0,
        0.0
      ]
    ]
  }
}