{
  "2025": {
    "counts": [
      [
        511,
        1213,
        1352,
        1240,
        906,
        1037,
        844,
        650,
        736,
        768,
        975,
        1513
      ],
      [
        507,
        1261,
        1446,
        1317,
        1015,
        1157,
        941,
        739,
        814,
        829,
        1029,
        1532
      ],
      [
        537,
        1373,
        1611,
        1353,
        1040,
        1179,
        999,
        836,
        830,
        903,
        1067,
        1638
      ],
      [
        571,
        1387,
        1673,
        1432,
        1053,
        1233,
        1013,
        830,
        847,
        919,
        1174,
        1705
      ],
      [
        516,
        1397,
        1651,
        1459,
        1109,
        1170,
        1052,
        853,
        925,
        907,
        1214,
        1716
      ],
      [
        560,
        1384,
        1665,
        1444,
        1068,
        1182,
        1086,
        877,
        916,
        918,
        1251,
        1677
      ],
      [
        567,
        1335,
        1605,
        1357,
        1082,
        1186,
        1036,
        800,
        855,
        878,
        1174,
        1723
      ],
      [
        516,
        1276,
        1523,
        1381,
        962,
        1100,
        977,
        818,
        823,
        913,
        1132,
        1584
      ],
      [
        472,
        1265,
        1432,
        1213,
        946,
        1011,
        919,
        773,
        802,
        815,
        1028,
        1506
      ],
      [
        418,
        1155,
        1390,
        1160,
        943,
        970,
        822,
        673,
        695,
        771,
        929,
        1380
      ],
      [
        409,
        1034,
        1141,
        1022,
        822,
        868,
        729,
        605,
        648,
        674,
        857,
        1258
      ],
      [
        331,
        940,
        1042,
        945,
        660,
        816,
        672,
        521,
        600,
        593,
        731,
        1079
      ],
      [
        298,
        733,
        890,
        786,
        610,
        619,
        613,
        438,
        454,
        472,
        671,
        946
      ],
      [
        240,
        619,
        784,
        626,
        541,
        594,
        432,
        371,
        400,
        428,
        553,
        837
      ],
      [
        182,
        528,
        593,
        524,
        399,
        434,
        355,
        325,
        324,
        358,
        442,
        628
      ],
      [
        164,
        447,
        497,
        412,
        320,
        344,
        330,
        253,
        236,
        257,
        349,
        483
      ]
    ],
    "percentages": [
      [
        4.35,
        10.33,
        11.51,
        10.56,
        7.71,
        8.83,
        7.19,
        5.53,
        6.27,
        6.54,
        8.3,
        12.88
      ],
      [
        4.03,
        10.02,
        11.49,
        10.46,
        8.06,
        9.19,
        7.48,
        5.87,
        6.47,
        6.59,
        8.18,
        12.17
      ],
      [
        4.02,
        10.27,
        12.05,
        10.12,
        7.78,
        8.82,
        7.47,
        6.25,
        6.21,
        6.76,
        7.98,
        12.25
      ],
      [
        4.13,
        10.02,
        12.09,
        10.35,
        7.61,
        8.91,
        7.32,
        6.0,
        6.12,
        6.64,
        8.48,
        12.32
      ],
      [
        3.69,
        10.0,
        11.82,
        10.44,
        7.94,
        8.38,
        7.53,
        6.11,
        6.62,
        6.49,
        8.69,
        12.28
      ],
      [
        3.99,
        9.87,
        11.87,
        10.29,
        7.61,
        8.43,
        7.74,
        6.25,
        6.53,
        6.54,
        8.92,
        11.95
      ],
      [
        4.17,
        9.82,
        11.8,
        9.98,
        7.96,
        8.72,
        7.62,
        5.88,
        6.29,
        6.46,
        8.63,
        12.67
      ],
      [
        3.97,
        9.81,
        11.71,
        10.62,
        7.4,
        8.46,
        7.51,
        6.29,
        6.33,
        7.02,
        8.7,
        12.18
      ],
      [
        3.87,
        10.38,
        11.76,
        9.96,
        7.77,
        8.3,
        7.54,
        6.35,
        6.58,
        6.69,
        8.44,
        12.36
      ],
      [
        3.7,
        10.22,
        12.29,
        10.26,
        8.34,
        8.58,
        7.27,
        5.95,
        6.15,
        6.82,
        8.22,
        12.21
      ],
      [
        4.06,
        10.27,
        11.33,
        10.15,
        8.17,
        8.62,
        7.24,
        6.01,
        6.44,
        6.7,
        8.51,
        12.5
      ],
      [
        3.71,
        10.53,
        11.67,
        10.58,
        7.39,
        9.14,
        7.53,
        5.83,
        6.72,
        6.64,
        8.19,
        12.08
      ],
      [
        3.96,
        9.73,
        11.82,
        10.44,
        8.1,
        8.22,
        8.14,
        5.82,
        6.03,
        6.27,
        8.91,
        12.56
      ],
      [
        3.74,
        9.63,
        12.2,
        9.74,
        8.42,
        9.25,
        6.72,
        5.77,
        6.23,
        6.66,
        8.61,
        13.03
      ],
      [
        3.57,
        10.37,
        11.65,
        10.29,
        7.84,
        8.52,
        6.97,
        6.38,
        6.36,
        7.03,
        8.68,
        12.33
      ],
      [
        4.01,
        10.92,
        12.15,
        10.07,
        7.82,
        8.41,
        8.06,
        6.18,
        5.77,
        6.28,
        8.53,
        11.8
      ]
    ]
  },
  "2026": {
    "counts": [
      [
        660,
        1008,
        1348,
        98,
        0,
        0,
        0,
        0,
        0,
        0,
        0,
        0
      ],
      [
        758,
        1081,
        1470,
        109,
        0,
        0,
        0,
        0,
        0,
        0,
        0,
        0
      ],
      [
        767,
        1065,
        1446,
        111,
        0,
        0,
        0,
        0,
        0,
        0,
        0,
        0
      ],
      [
        797,
        1159,
        1632,
        121,
        0,
        0,
        0,
        0,
        0,
        0,
        0,
        0
      ],
      [
        773,
        1184,
        1596,
        99,
        0,
        0,
        0,
        0,
        0,
        0,
        0,
        0
      ],
      [
        801,
        1108,
        1607,
        108,
        0,
        0,
        0,
        0,
        0,
        0,
        0,
        0
      ],
      [
        767,
        1132,
        1482,
        98,
        0,
        0,
        0,
        0,
        0,
        0,
        0,
        0
      ],
      [
        742,
        1047,
        1491,
        122,
        0,
        0,
        0,
        0,
        0,
        0,
        0,
        0
      ],
      [
        712,
        1015,
        1425,
        81,
        0,
        0,
        0,
        0,
        0,
        0,
        0,
        0
      ],
      [
        664,
        958,
        1228,
        96,
        0,
        0,
        0,
        0,
        0,
        0,
        0,
        0
      ],
      [
        587,
        837,
        1169,
        74,
        0,
        0,
        0,
        0,
        0,
        0,
        0,
        0
      ],
      [
        491,
        715,
        1056,
        82,
        0,
        0,
        0,
        0,
        0,
        0,
        0,
        0
      ],
      [
        443,
        604,
        814,
        89,
        0,
        0,
        0,
        0,
        0,
        0,
        0,
        0
      ],
      [
        399,
        505,
        717,
        59,
        0,
        0,
        0,
        0,
        0,
        0,
        0,
        0
      ],
      [
        305,
        430,
        604,
        42,
        0,
        0,
        0,
        0,
        0,
        0,
        0,
        0
      ],
      [
        218,
        331,
        484,
        37,
        0,
        0,
        0,
        0,
        0,
        0,
        0,
        0
      ]
    ],
    "percentages": [
      [
        21.19,
        32.37,
        43.29,
        3.15,
        0.0,
        0.0,
        0.0,
        0.0,
        0.0,
        0.0,
        0.0,
        0.0
      ],
      [
        22.18,
        31.63,
        43.01,
        3.19,
        0.0,
        0.0,
        0.0,
        0.0,
        0.0,
        0.0,
        0.0,
        0.0
      ],
      [
        22.63,
        31.43,
        42.67,
        3.28,
        0.0,
        0.0,
        0.0,
        0.0,
        0.0,
        0.0,
        0.0,
        0.0
      ],
      [
        21.49,
        31.25,
        44.0,
        3.26,
        0.0,
        0.0,
        0.0,
        0.0,
        0.0,
        0.0,
        0.0,
        0.0
      ],
      [
        21.17,
        32.42,
        43.7,
        2.71,
        0.0,
        0.0,
        0.0,
        0.0,
        0.0,
        0.0,
        0.0,
        0.0
      ],
      [
        22.1,
        30.57,
        44.34,
        2.98,
        0.0,
        0.0,
        0.0,
        0.0,
        0.0,
        0.0,
        0.0,
        0.0
      ],
      [
        22.05,
        32.54,
        42.6,
        2.82,
        0.0,
        0.0,
        0.0,
        0.0,
        0.0,
        0.0,
        0.0,
        0.0
      ],
      [
        21.81,
        30.78,
        43.83,
        3.59,
        0.0,
        0.0,
        0.0,
        0.0,
        0.0,
        0.0,
        0.0,
        0.0
      ],
      [
        22.02,
        31.39,
        44.08,
        2.51,
        0.0,
        0.0,
        0.0,
        0.0,
        0.0,
        0.0,
        0.0,
        0.0
      ],
      [
        22.54,
        32.52,
        41.68,
        3.26,
        0.0,
        0.0,
        0.0,
        0.0,
        0.0,
        0.0,
        0.0,
        0.0
      ],
      [
        22.01,
        31.38,
        43.83,
        2.77,
        0.0,
        0.0,
        0.0,
        0.0,
        0.0,
        0.0,
        0.0,
        0.0
      ],
      [
        20.95,
        30.5,
        45.05,
        3.5,
        0.0,
        0.0,
        0.0,
        0.0,
        0.0,
        0.0,
        0.0,
        0.0
      ],
      [
        22.72,
        30.97,
        41.74,
        4.56,
        0.0,
        0.0,
        0.0,
        0.0,
        0.0,
        0.0,
        0.0,
        0.0
      ],
      [
        23.75,
        30.06,
        42.68,
        3.51,
        0.0,
        0.0,
        0.0,
        0.0,
        0.0,
        0.0,
        0.0,
        0.0
      ],
      [
        22.09,
        31.14,
        43.74,
        3.04,
        0.0,
        0.0,
        0.0,
        0.0,
        0.0,
        0.0,
        0.0,
        0.0
      ],
      [
        20.37,
        30.93,
        45.23,
        3.46,
        0.0,
        0.0,
        0.0,
        0.0,
        0.0,
        0.0,
        0.0,
        0.0
      ]
    ]
  }
}